1,4474,0000000000131D70
2,7718,000000000020F990
3,3265,00000000000DF318
4,4897,000000000014EC18
5,6106,00000000001A1670
6,10982,00000000002EEB90
7,1633,000000000006FA18
8,2041,000000000008B858
9,2041,000000000008B858
10,4066,0000000000115F30
11,2857,00000000000C34D8
12,5290,00000000001699F0
13,63269,00000000010E5078
14,33049,00000000008D3358
15,94685,00000000019489B8
16,4474,0000000000131D70
17,7718,000000000020F990
18,3265,00000000000DF318
19,4897,000000000014EC18
20,6106,00000000001A1670
21,10982,00000000002EEB90
22,1633,000000000006FA18
23,2041,000000000008B858
24,2041,000000000008B858
25,4066,0000000000115F30
26,2857,00000000000C34D8
27,5290,00000000001699F0
