1,901,00000000000F65E0
2,1609,00000000001B7F60
3,883,00000000000F1720
4,1571,00000000001AD920
5,1591,00000000001B30A0
6,2987,0000000000330C20
7,370,00000000000652C0
8,367,00000000000645A0
9,544,0000000000094C00
10,17185,000000000125B060
11,16707,00000000011D8520
12,33699,00000000023FE920
13,903,00000000000F6EA0
14,1611,00000000001B8820
15,883,00000000000F1720
16,1571,00000000001AD920
17,1593,00000000001B3960
18,2989,00000000003314E0
19,372,0000000000065B80
20,367,00000000000645A0
21,546,00000000000954C0
22,17187,000000000125B920
23,16707,00000000011D8520
24,33701,00000000023FF1E0
25,356,0000000000061580
26,1032,000000000011A300
27,2384,000000000028BE00
28,64576,00000000044F9800
