1,1995,00000000002C7600
2,3303,0000000000496E00
3,1959,00000000002C7600
4,3231,0000000000496E00
5,3443,00000000004D8E00
6,6023,0000000000877E00
7,1010,000000000016BC00
8,1005,000000000016BC00
9,1504,0000000000221A00
10,1341,00000000001DFA00
11,1323,00000000001DFA00
12,2153,0000000000309600
13,16383,00000000016B1E00
14,15951,00000000016B1E00
15,31823,0000000002CADE00
16,1996,00000000002C7600
17,3304,0000000000496E00
18,1960,00000000002C7600
19,3232,0000000000496E00
20,3444,00000000004D8E00
21,6024,0000000000877E00
22,1011,000000000016BC00
23,1006,000000000016BC00
24,1505,0000000000221A00
25,1342,00000000001DFA00
26,1324,00000000001DFA00
27,2154,0000000000309600
28,16384,00000000016B1E00
29,15952,00000000016B1E00
30,31824,0000000002CADE00
31,1754,0000000000285600
32,3010,0000000000454E00
33,812,0000000000129C00
34,30642,0000000002C29E00
