1,346,000000000001F380
2,402,0000000000024780
3,365,0000000000020B80
4,426,0000000000026580
5,539,0000000000031080
6,656,000000000003BE80
7,176,000000000000F480
8,175,000000000000F480
9,179,000000000000FA80
10,288,0000000000019C80
11,237,0000000000015000
12,353,000000000001FE00
13,3706,000000000015A380
14,2255,00000000000CF180
15,5789,000000000021A680
16,347,000000000001F380
17,403,0000000000024780
18,366,0000000000020B80
19,427,0000000000026580
20,540,0000000000031080
21,657,000000000003BE80
22,177,000000000000F480
23,176,000000000000F480
24,180,000000000000FA80
25,289,0000000000019C80
26,238,0000000000015000
27,354,000000000001FE00
28,3707,000000000015A380
29,2256,00000000000CF180
30,5790,000000000021A680
31,280,0000000000019080
32,334,000000000001E180
33,118,0000000000009D80
34,5248,00000000001EAC80
